0 0.001
1 0.00119948236281626
2 0.00142542907683394
3 0.00168132798993328
4 0.0019711269648458
5 0.0022992906014353
6 0.00267085775820415
7 0.00309151983933614
8 0.00356770000232953
9 0.00410664640974857
10 0.00471652991557937
11 0.00540655504928225
12 0.0061870842514885
13 0.00706977233805669
14 0.00806771464810284
15 0.00919560822744281
16 0.0104699257315021
17 0.0119091024967592
18 0.013533735544386
19 0.015366792629814
20 0.0174338288011552
21 0.0197632065987059
22 0.022386314451051
23 0.0253377759588021
24 0.0286556404760957
25 0.0323815427209942
26 0.0365608160643666
27 0.0412425407073712
28 0.046479504268405
29 0.052328048546673
30 0.0588477727065495
31 0.0661010602626443
32 0.0741523956214392
33 0.0830674362950973
34 0.0929118101370192
35 0.103749614043102
36 0.115641602497281
37 0.128643071923753
38 0.142801470448098
39 0.158153792084244
40 0.174723848279996
41 0.192519545646791
42 0.211530332680519
43 0.231725005234584
44 0.253050074583639
45 0.275428897413434
46 0.298761739642988
47 0.32292689397225
48 0.347782896605786
49 0.37317179821495
50 0.39892334827027
51 0.424859863263383
52 0.450801481053565
53 0.476571466133391
54 0.502001229753841
55 0.526934766307614
56 0.551232262461687
57 0.574772740498974
58 0.59745567375115
59 0.619201599882448
60 0.639951830115097
61 0.659667404472455
62 0.678327471844356
63 0.695927276006564
64 0.712475919667835
65 0.727994056344305
66 0.742511630772212
67 0.756065757522206
68 0.768698797989117
69 0.780456670029027
70 0.791387403451189
71 0.801539938489536
72 0.810963153607782
73 0.819705101215476
74 0.827812426482594
75 0.835329943425842
76 0.842300342688723
77 0.848764007258656
78 0.854758914882872
79 0.860320607845503
80 0.865482214990658
81 0.870274512362961
82 0.874726011364687
83 0.878863065546033
84 0.882709989091739
85 0.886289181727921
86 0.889621255766645
87 0.892725162190749
88 0.895618313536448
89 0.898316702001992
90 0.900835011736488
91 0.903186724675204
92 0.905384219597888
93 0.907438864319654
94 0.90936110109376
95 0.911160525426166
96 0.912845958583907
97 0.914425514132059
98 0.915906658864398
99 0.917296268506572
100 0.918600678572019
101 0.919825730743601
102 0.920976815140575
103 0.922058908813133
104 0.923076610786973
105 0.924034173959242
106 0.924935534125672
107 0.925784336397357
108 0.926583959244896
109 0.927337536387743
110 0.928047976727845
111 0.928717982509065
112 0.929350065867494
113 0.929946563922674
114 0.930509652545787
115 0.931041358928144
116 0.931543573061638
117 0.932018058232211
118 0.932466460617732
119 0.932890318072947
120 0.933291068176197
121 0.93367005560546
122 0.934028538904748
123 0.934367696696071
124 0.934688633386855
125 0.934992384417951
126 0.935279921093064
127 0.935552155026538
128 0.935809942242962
129 0.936054086958869
130 0.936285345073993
