12 0.347783333339601
13 0.450801698246053
14 0.551231835073391
15 0.639951297845893
16 0.712475731280638
17 0.768698874021018
18 0.810963267116165
19 0.842300438201493
20 0.859132357713992
21 0.865493166560682
22 0.867999748442496
23 0.869004620518288
24 0.869410297648994
25 0.869574540635778
26 0.869641113153182
27 0.869668109610775
28 0.869679059290664
29 0.869683500780786
30 0.869685302430921
31 0.86968603326351
32 0.869686329714644
33 0.869686449978163
34 0.869686498773598
35 0.869686518555239
36 0.869686526578045
37 0.86968652983203
38 0.869686531151602
39 0.869686531690343
40 0.8696865319123
41 0.869686532000708
42 0.869686532034027
43 0.869686532048441
44 0.869686532054688
45 0.869686532057567
46 0.869686532058963
47 0.869686532058929
48 0.869686532058911
49 0.869686532058901
50 0.869686532058896
51 0.869686532058894
52 0.869686532058892
53 0.869686532058892
54 0.869686532058891
55 0.869686532058891
56 0.869686532058891
57 0.869686532058891
58 0.869686532058891
59 0.869686532058891
60 0.869686532058891
61 0.869686532058891
62 0.869686532058891
63 0.869686532058891
64 0.869686532058891
65 0.869686532058891
66 0.869686532058891
67 0.869686532058891
68 0.869686532058891
69 0.869686532058891
70 0.869686532058891
71 0.869686532058891
72 0.869686532058891
73 0.869686532058891
74 0.869686532058891
75 0.869686532058891
76 0.869686532058891
77 0.869686532058891
78 0.869686532058891
79 0.869686532058891
80 0.869686532058891
81 0.869686532058891
82 0.869686532058891
83 0.869686532058891
84 0.869686532058891
85 0.869686532058891
86 0.869686532058891
87 0.869686532058891
88 0.869686532058891
89 0.869686532058891
90 0.869686532058891
91 0.869686532058891
92 0.869686532058891
93 0.869686532058891
94 0.869686532058891
95 0.869686532058891
96 0.869686532058891
97 0.869686532058891
98 0.869686532058891
99 0.869686532058891
100 0.869686532058891
101 0.869686532058891
102 0.869686532058891
103 0.869686532058891
104 0.869686532058891
105 0.869686532058891
106 0.869686532058891
107 0.869686532058891
108 0.869686532058891
109 0.869686532058891
110 0.869686532058891
111 0.869686532058891
112 0.869686532058891
113 0.869686532058891
114 0.869686532058891
115 0.869686532058891
116 0.869686532058891
117 0.869686532058891
118 0.869686532058891
119 0.869686532058891
120 0.869686532058891
121 0.869686532058891
122 0.869686532058891
123 0.869686532058891
124 0.869686532058891
125 0.869686532058891
126 0.869686532058891
127 0.869686532058891
128 0.869686532058891
129 0.869686532058891
130 0.869686532058891
