47 0.32292689397225
48 0.347782896605786
49 0.37317179821495
50 0.39892334827027
51 0.424859863263383
52 0.450801481053565
53 0.476571466133391
54 0.502001230164205
55 0.518293911068786
56 0.524704614735847
57 0.527258970917988
58 0.528281936900489
59 0.528692449670159
60 0.528857322157097
61 0.528923561062931
62 0.528950176628902
63 0.528960871646977
64 0.528965169349554
65 0.528966896358846
66 0.528967590343331
67 0.528967869224764
68 0.528967981295425
69 0.528968026332947
70 0.528968044430247
71 0.528968051702118
72 0.528968054619515
73 0.528968055788481
74 0.528968056271594
75 0.528968056462338
76 0.528968056534036
77 0.528968056563808
78 0.52896805657654
79 0.528968056581738
80 0.528968056584125
81 0.528968056585123
82 0.528968056585466
83 0.528968056585453
84 0.528968056585446
85 0.528968056585442
86 0.52896805658544
87 0.528968056585439
88 0.528968056585438
89 0.528968056585438
90 0.528968056585438
91 0.528968056585438
92 0.528968056585438
93 0.528968056585438
94 0.528968056585438
95 0.528968056585438
96 0.528968056585438
97 0.528968056585438
98 0.528968056585438
99 0.528968056585438
100 0.528968056585438
101 0.528968056585438
102 0.528968056585438
103 0.528968056585438
104 0.528968056585438
105 0.528968056585438
106 0.528968056585438
107 0.528968056585438
108 0.528968056585438
109 0.528968056585438
110 0.528968056585438
111 0.528968056585438
112 0.528968056585438
113 0.528968056585438
114 0.528968056585438
115 0.528968056585438
116 0.528968056585438
117 0.528968056585438
118 0.528968056585438
119 0.528968056585438
120 0.528968056585438
121 0.528968056585438
122 0.528968056585438
123 0.528968056585438
124 0.528968056585438
125 0.528968056585438
126 0.528968056585438
127 0.528968056585438
128 0.528968056585438
129 0.528968056585438
130 0.528968056585438
