0 0.001
1 0.00197112750319247
2 0.00356770313936806
3 0.00618708827253079
4 0.0104699379333352
5 0.0174338385254621
6 0.0286556430082221
7 0.0464794759024684
8 0.0741522977177878
9 0.115641405677105
10 0.174723664700627
11 0.253050169472515
12 0.347783333339601
13 0.450801698246053
14 0.551231835073391
15 0.639951297845893
16 0.712475731280638
17 0.768698874021018
18 0.810963267116165
19 0.842300371777815
20 0.865482143809561
21 0.882709869895072
22 0.895618181650885
23 0.905384079310357
24 0.912845825184309
25 0.918600557601466
26 0.92307650082232
27 0.926583861785819
28 0.929349967847188
29 0.931543471918992
30 0.933290967890542
31 0.934688534224178
32 0.935809844430966
33 0.936711905035511
34 0.937439184775493
35 0.938026611023696
36 0.938501783597848
37 0.938886622496906
38 0.939198612348946
39 0.939451750031524
40 0.939657274064752
41 0.939824231643336
42 0.939959920400629
43 0.940070236436912
44 0.940159950738449
45 0.940232928354821
46 0.940292303298293
47 0.940340618798399
48 0.940379939982398
49 0.94041194462465
50 0.940437996386306
51 0.940459204006708
52 0.940476469214562
53 0.940490525548711
54 0.940501969840837
55 0.940511287768214
56 0.940518874604672
57 0.94052505208102
58 0.940530082090064
59 0.940534177830151
60 0.940537512868681
61 0.94054022851538
62 0.940542439821626
63 0.940544240462622
64 0.940545706710865
65 0.940546900670407
66 0.940547872909612
67 0.940548664604423
68 0.940549309283246
69 0.940549834247549
70 0.940550261728497
71 0.940550609829086
72 0.94055089328796
73 0.940551124109971
74 0.940551312070846
75 0.940551465129136
76 0.940551589765956
77 0.94055169125897
78 0.940551773905724
79 0.940551841205816
80 0.940551896008977
81 0.94055194063576
82 0.94055197697582
83 0.940552006568078
84 0.940552030666352
85 0.940552050289602
86 0.940552066268724
87 0.940552079280604
88 0.940552089876218
89 0.94055209850426
90 0.940552105530107
91 0.94055211125128
92 0.940552115910053
93 0.94055211970289
94 0.940552122791111
95 0.940552125306203
96 0.940552127354421
97 0.940552129022397
98 0.94055213038073
99 0.940552131486902
100 0.940552132387746
101 0.940552133123666
102 0.940552133722512
103 0.940552134209719
104 0.940552134606216
105 0.940552134928896
106 0.9405521351915
107 0.940552135405213
108 0.940552135579138
109 0.940552135720682
110 0.940552135835873
111 0.940552135929618
112 0.94055213600591
113 0.940552136067998
114 0.940552136118527
115 0.940552136159648
116 0.940552136193114
117 0.940552136220349
118 0.940552136242513
119 0.940552136260551
120 0.940552136275231
121 0.940552136287177
122 0.9405521362969
123 0.940552136304812
124 0.940552136311251
125 0.940552136316492
126 0.940552136320756
127 0.940552136324227
128 0.940552136327052
129 0.940552136329366
130 0.940552136331253
